00
493
997
428
435
996
427
682
786
715
722
824
518
353
579
453
440
410
415
736
584
812
590
V58
V53
881
346
414
456
250.12
558
V55
38
787
998
155
491
285
574
425
250.6
724
577
648
437
555
153
188
599
572
820
402
250.4
154
511
780
591
531
852
8
V45
296
459
965
424
434
250.8
569
789
562
241
429
530
276
162
182
891
578
405
413
557
785
553
250.83
340
225
426
294
455
486
211
196
537
250.11
252
560
310
198
35
873
433
466
458
644
431
432
515
197
250.81
618
280
250.13
626
189
490
465
V71
250.01
535
403
386
250.3
592
250.2
566
865
733
193
185
53
642
507
331
250.82
726
805
401
204
404
532
288
534
552
250.02
250
201
790
